0.200 0.250 0. 0. 0. 0.333 0.250 0. 0. 0.250 0. 0.
0.200 0.250 0.250 0. 0.200 0. 0. 0. 0. 0. 0. 0.
0. 0.250 0.250 0.200 0.200 0. 0. 0. 0. 0. 0. 0.
0. 0. 0.250 0.200 0. 0. 0. 0.200 0.200 0. 0.200 0.
0. 0.250 0.250 0. 0.200 0. 0.250 0.200 0. 0. 0. 0.
0.200 0. 0. 0. 0. 0.333 0. 0. 0. 0.250 0. 0.
0.200 0. 0. 0. 0.200 0. 0.250 0. 0. 0.250 0. 0.
0. 0. 0. 0.200 0.200 0. 0. 0.200 0.200 0. 0.200 0.
0. 0. 0. 0.200 0. 0. 0. 0.200 0.200 0. 0.200 0.333
0.200 0. 0. 0. 0. 0.333 0.250 0. 0. 0.250 0. 0.
0. 0. 0. 0.200 0. 0. 0. 0.200 0.200 0. 0.200 0.333
0. 0. 0. 0. 0. 0. 0. 0. 0.200 0. 0.200 0.333
